$ 1 0.000005 10.20027730826997 50 5 43
w -384 -160 -352 -160 0
w -352 -160 -352 -224 0
w -352 -160 -352 -96 0
w -352 -224 -320 -224 0
c -320 -224 -272 -224 0 1e-9 -1.2434497875801753e-14
w -272 -224 -256 -224 0
w -352 -96 -336 -96 0
r -336 -96 -272 -96 0 15000
w -256 -224 -256 -160 0
w -256 -160 -256 -96 0
w -272 -96 -256 -96 0
w -256 -160 -224 -160 0
w -224 -160 -192 -160 0
w -224 -160 -224 -224 0
w -224 -224 -192 -224 0
r -192 -224 -144 -224 0 10000
w -144 -224 -128 -224 0
c -128 -224 -96 -224 0 1e-9 -5.00099998499998
w -96 -224 -80 -224 0
w -80 -224 -80 -160 0
w -96 -144 -80 -144 0
w -80 -160 -80 -144 0
w -80 -144 -48 -144 0
g -192 -128 -192 -96 0
R -384 -160 -400 -160 0 0 40 10 0 0 0.5
w -512 64 -480 64 0
w -416 64 -384 64 0
w -384 64 -384 16 0
w -384 16 -352 16 0
r -352 16 -304 16 0 1000
w -304 16 -288 16 0
w -288 16 -288 64 0
w -384 16 -384 -16 0
w -384 -16 -352 -16 0
c -352 -16 -288 -16 0 0.000009999999999999999 14.999850002985085
w -288 -16 -288 16 0
a -384 80 -288 80 8 15 -15 1000000 0.00014999700005985026 0 100000
w -288 64 -288 80 0
g -384 96 -384 112 0
w -288 80 -240 80 0
R -512 64 -512 32 0 0 40 15 0 0 0.5
g -192 112 -192 128 0
r -240 80 -192 80 0 1000
w -192 80 -192 32 0
r -192 32 -64 32 0 1000
w -64 32 -64 96 0
w -64 96 -32 96 0
a -192 96 -64 96 8 15 -15 1000000 -0.00014999400017984664 0 100000
w -32 96 -32 240 0
w -32 240 -32 272 0
w -32 272 -144 272 0
a -256 288 -336 288 9 15 -15 1000000 15 15.00015 100000
w -256 272 -240 272 0
w -240 272 -240 240 0
w -240 240 -192 240 0
w -240 272 -192 272 0
w -256 304 -256 368 0
w -256 368 -320 368 0
r -320 368 -384 368 0 1000
w -384 368 -384 288 0
w -384 288 -336 288 0
r -192 272 -144 272 0 1000
w -384 288 -480 288 0
w -480 64 -480 288 0
R -192 240 -192 208 0 6 40 20 0 0 0.159154943092
a -192 -144 -96 -144 9 15 -15 1000000 0 10.000000000000012 100000
r -480 64 -416 64 0 1000
o 46 64 0 4099 20 0.00009765625 0 2 46 3
o 63 64 0 4099 20 1.361129467683754e+38 1 2 63 3
