$ 1 0.000005 25.510281670702206 50 5 43
a 272 192 384 192 8 15 -15 1000000 -4.720163214637722e-9 0 100000
a 528 208 656 208 8 15 -15 1000000 6.84836405752315e-8 0 100000
a 736 224 880 224 8 15 -15 1000000 -9.979256112459418e-7 0 100000
a 464 368 368 368 8 15 -15 1000000 -1.7120696135106186e-8 0 100000
w 272 176 240 176 0
w 240 176 208 128 0
w 208 176 208 144 0
w 208 80 176 80 0
w 208 128 208 80 0
w 208 128 176 128 0
w 208 176 176 176 0
w 272 208 272 224 0
w 528 224 528 240 0
w 736 240 736 256 0
w 464 384 464 400 0
g 272 224 272 240 0
g 528 240 528 256 0
g 736 256 736 272 0
r 176 80 160 80 0 1000
r 176 128 160 128 0 1000
r 176 176 160 176 0 1000
w 272 176 272 128 0
r 272 128 384 128 0 1000
w 384 128 384 192 0
r 400 192 528 192 0 1000
w 528 192 528 144 0
w 656 144 656 208 0
w 736 208 736 160 0
w 880 160 880 224 0
w 880 224 928 224 0
w 672 208 672 352 0
w 112 320 112 368 0
w 160 176 112 176 0
w 112 320 112 176 0
g 464 400 464 416 0
w 160 80 112 80 0
w 464 352 464 304 0
r 464 304 368 304 0 2500
w 368 304 368 368 0
w 384 192 400 192 0
w 112 80 32 80 0
a -80 80 32 80 8 15 -15 1000000 0.000009999800003999919 0 100000
r -80 64 -144 64 0 1000
w -80 64 -80 16 0
r -80 16 32 16 0 1000
w 32 16 32 80 0
g -80 96 -80 128 0
R -144 64 -176 64 0 0 40 1 0 0 0.5
c 736 160 880 160 0 0.000001 -0.09979355905020541
r 672 208 736 208 0 1000
c 528 144 656 144 0 0.000009999999999999999 0.006848432541163725
w 656 208 672 208 0
w 368 368 112 368 0
w 928 224 928 528 0
w 928 528 576 528 0
r 576 528 496 528 0 1000
a 496 544 336 544 8 15 -15 1000000 0.000009978158515022763 0 100000
g 496 560 496 592 0
w 496 528 496 480 0
r 496 480 336 480 0 10000
w 336 480 336 544 0
r 288 544 240 544 0 1000
a 240 560 112 560 8 15 -15 1000000 -0.000009977958955843649 0 100000
w 240 544 240 496 0
r 240 496 112 496 0 1000
w 112 496 112 560 0
w 160 128 64 128 0
g 240 576 240 608 0
w 112 560 64 560 0
w 64 128 64 560 0
r 464 352 528 352 0 10000
w 528 352 672 352 0
w 208 144 208 128 0
w 288 544 336 544 0
w 288 544 288 464 0
w 1456 576 1456 496 0
w 1456 576 1504 576 0
w 1376 176 1376 160 0
w 1696 384 1840 384 0
r 1632 384 1696 384 0 1000
w 1232 160 1232 592 0
w 1280 592 1232 592 0
g 1408 608 1408 640 0
w 1328 160 1232 160 0
w 1280 528 1280 592 0
r 1408 528 1280 528 0 1000
w 1408 576 1408 528 0
a 1408 592 1280 592 8 15 -15 1000000 -0.00000999880099919703 0 100000
r 1456 576 1408 576 0 1000
w 1504 512 1504 576 0
r 1664 512 1504 512 0 10000
w 1664 560 1664 512 0
g 1664 592 1664 624 0
a 1664 576 1504 576 8 15 -15 1000000 0.000009999000975217013 0 100000
r 1744 560 1664 560 0 1000
w 2096 560 1744 560 0
w 2096 256 2096 560 0
w 1536 400 1280 400 0
w 1824 240 1840 240 0
c 1696 176 1824 176 0 0.000009999999999999999 0.000001000023734667832
r 1840 240 1904 240 0 1000
c 1904 192 2048 192 0 0.000001 -0.10000200866332938
R 1024 96 992 96 0 0 40 1 0 0 0.5
g 1088 128 1088 160 0
w 1200 48 1200 112 0
r 1088 48 1200 48 0 1000
w 1088 96 1088 48 0
r 1088 96 1024 96 0 1000
a 1088 112 1200 112 8 15 -15 1000000 0.00000999980000399992 0 100000
w 1280 112 1200 112 0
w 1552 224 1568 224 0
w 1536 336 1536 400 0
r 1632 336 1536 336 0 100000
w 1632 384 1632 336 0
w 1328 112 1280 112 0
g 1632 432 1632 448 0
w 1280 352 1280 208 0
w 1328 208 1280 208 0
w 1280 352 1280 400 0
w 1840 240 1840 384 0
w 2048 256 2096 256 0
w 2048 192 2048 256 0
w 1904 240 1904 192 0
w 1824 176 1824 240 0
w 1696 224 1696 176 0
r 1568 224 1696 224 0 1000
w 1552 160 1552 224 0
r 1440 160 1552 160 0 1000
w 1440 208 1440 160 0
r 1344 208 1328 208 0 1000
r 1344 160 1328 160 0 1000
r 1344 112 1328 112 0 1000
g 1904 288 1904 304 0
g 1696 272 1696 288 0
g 1440 256 1440 272 0
w 1632 416 1632 432 0
w 1904 272 1904 288 0
w 1696 256 1696 272 0
w 1440 240 1440 256 0
w 1376 208 1344 208 0
w 1376 160 1344 160 0
w 1376 160 1376 112 0
w 1376 112 1344 112 0
w 1376 208 1376 176 0
w 1408 208 1376 160 0
w 1440 208 1408 208 0
a 1632 400 1536 400 8 15 -15 1000000 -9.990047397433498e-10 0 100000
a 1904 256 2048 256 8 15 -15 1000000 -0.0000010000100865324285 0 100000
a 1696 240 1824 240 8 15 -15 1000000 1.0000137345304866e-11 0 100000
a 1440 224 1552 224 8 15 -15 1000000 -6.31441228138823e-17 0 100000
o 69 64 0 4099 2.5 0.003125 0 2 69 3
o 80 64 0 4099 1.25 0.0015625 1 2 80 3
